 #
 # Arquivo criado por M. Galo
 # UNESP - Faculdade de Ciencias e Tecnologia
 #
 # Círculo polar Ártico
 # Trópico de Câncer
 # Trópico de Capricórno
 # Círculo polar Antártico

-180 66.55
-170 66.55
-160 66.55
-150 66.55
-140 66.55
-130 66.55
-120 66.55
-110 66.55
-100 66.55
 -90 66.55
 -80 66.55
 -70 66.55
 -60 66.55
 -50 66.55
 -40 66.55
 -30 66.55
 -20 66.55
 -10 66.55
   0 66.55
  10 66.55
  20 66.55
  30 66.55
  40 66.55
  50 66.55 
  60 66.55
  70 66.55
  80 66.55
  90 66.55
 100 66.55
 110 66.55
 120 66.55
 130 66.55
 140 66.55
 150 66.55
 160 66.55
 170 66.55
 180 66.55

-180 23.45
-170 23.45
-160 23.45
-150 23.45
-140 23.45
-130 23.45
-120 23.45
-110 23.45
-100 23.45
 -90 23.45
 -80 23.45
 -70 23.45
 -60 23.45
 -50 23.45
 -40 23.45
 -30 23.45
 -20 23.45
 -10 23.45
   0 23.45
  10 23.45
  20 23.45
  30 23.45
  40 23.45
  50 23.45 
  60 23.45
  70 23.45
  80 23.45
  90 23.45
 100 23.45
 110 23.45
 120 23.45
 130 23.45
 140 23.45
 150 23.45
 160 23.45
 170 23.45
 180 23.45

-180 -23.45
-170 -23.45
-160 -23.45
-150 -23.45
-140 -23.45
-130 -23.45
-120 -23.45
-110 -23.45
-100 -23.45
 -90 -23.45
 -80 -23.45
 -70 -23.45
 -60 -23.45
 -50 -23.45
 -40 -23.45
 -30 -23.45
 -20 -23.45
 -10 -23.45
   0 -23.45
  10 -23.45
  20 -23.45
  30 -23.45
  40 -23.45
  50 -23.45 
  60 -23.45
  70 -23.45
  80 -23.45
  90 -23.45
 100 -23.45
 110 -23.45
 120 -23.45
 130 -23.45
 140 -23.45
 150 -23.45
 160 -23.45
 170 -23.45
 180 -23.45

-180 -66.55
-170 -66.55
-160 -66.55
-150 -66.55
-140 -66.55
-130 -66.55
-120 -66.55
-110 -66.55
-100 -66.55
 -90 -66.55
 -80 -66.55
 -70 -66.55
 -60 -66.55
 -50 -66.55
 -40 -66.55
 -30 -66.55
 -20 -66.55
 -10 -66.55
   0 -66.55
  10 -66.55
  20 -66.55
  30 -66.55
  40 -66.55
  50 -66.55 
  60 -66.55
  70 -66.55
  80 -66.55
  90 -66.55
 100 -66.55
 110 -66.55
 120 -66.55
 130 -66.55
 140 -66.55
 150 -66.55
 160 -66.55
 170 -66.55
 180 -66.55
 