 #
 # Arquivo criado por M. Galo
 #
 # UNESP - Faculdade de Ciencias e Tecnologia
 # Meridianos com espacamento de 6 em 6 graus
 #

 -180 -84
 -180 -80
 -180 -76
 -180 -72
 -180 -68
 -180 -64
 -180 -60
 -180 -56
 -180 -52
 -180 -48
 -180 -44
 -180 -40
 -180 -36
 -180 -32
 -180 -28
 -180 -24
 -180 -20
 -180 -16
 -180 -12
 -180 -8
 -180 -4
 -180 0
 -180 4
 -180 8
 -180 12
 -180 16
 -180 20
 -180 24
 -180 28
 -180 32
 -180 36
 -180 40
 -180 44
 -180 48
 -180 52
 -180 56
 -180 60
 -180 64
 -180 68
 -180 72
 -180 76
 -180 80
 -180 84

 -174 -84
 -174 -80
 -174 -76
 -174 -72
 -174 -68
 -174 -64
 -174 -60
 -174 -56
 -174 -52
 -174 -48
 -174 -44
 -174 -40
 -174 -36
 -174 -32
 -174 -28
 -174 -24
 -174 -20
 -174 -16
 -174 -12
 -174 -8
 -174 -4
 -174 0
 -174 4
 -174 8
 -174 12
 -174 16
 -174 20
 -174 24
 -174 28
 -174 32
 -174 36
 -174 40
 -174 44
 -174 48
 -174 52
 -174 56
 -174 60
 -174 64
 -174 68
 -174 72
 -174 76
 -174 80
 -174 84

 -168 -84
 -168 -80
 -168 -76
 -168 -72
 -168 -68
 -168 -64
 -168 -60
 -168 -56
 -168 -52
 -168 -48
 -168 -44
 -168 -40
 -168 -36
 -168 -32
 -168 -28
 -168 -24
 -168 -20
 -168 -16
 -168 -12
 -168 -8
 -168 -4
 -168 0
 -168 4
 -168 8
 -168 12
 -168 16
 -168 20
 -168 24
 -168 28
 -168 32
 -168 36
 -168 40
 -168 44
 -168 48
 -168 52
 -168 56
 -168 60
 -168 64
 -168 68
 -168 72
 -168 76
 -168 80
 -168 84

 -162 -84
 -162 -80
 -162 -76
 -162 -72
 -162 -68
 -162 -64
 -162 -60
 -162 -56
 -162 -52
 -162 -48
 -162 -44
 -162 -40
 -162 -36
 -162 -32
 -162 -28
 -162 -24
 -162 -20
 -162 -16
 -162 -12
 -162 -8
 -162 -4
 -162 0
 -162 4
 -162 8
 -162 12
 -162 16
 -162 20
 -162 24
 -162 28
 -162 32
 -162 36
 -162 40
 -162 44
 -162 48
 -162 52
 -162 56
 -162 60
 -162 64
 -162 68
 -162 72
 -162 76
 -162 80
 -162 84

 -156 -84
 -156 -80
 -156 -76
 -156 -72
 -156 -68
 -156 -64
 -156 -60
 -156 -56
 -156 -52
 -156 -48
 -156 -44
 -156 -40
 -156 -36
 -156 -32
 -156 -28
 -156 -24
 -156 -20
 -156 -16
 -156 -12
 -156 -8
 -156 -4
 -156 0
 -156 4
 -156 8
 -156 12
 -156 16
 -156 20
 -156 24
 -156 28
 -156 32
 -156 36
 -156 40
 -156 44
 -156 48
 -156 52
 -156 56
 -156 60
 -156 64
 -156 68
 -156 72
 -156 76
 -156 80
 -156 84

 -150 -84
 -150 -80
 -150 -76
 -150 -72
 -150 -68
 -150 -64
 -150 -60
 -150 -56
 -150 -52
 -150 -48
 -150 -44
 -150 -40
 -150 -36
 -150 -32
 -150 -28
 -150 -24
 -150 -20
 -150 -16
 -150 -12
 -150 -8
 -150 -4
 -150 0
 -150 4
 -150 8
 -150 12
 -150 16
 -150 20
 -150 24
 -150 28
 -150 32
 -150 36
 -150 40
 -150 44
 -150 48
 -150 52
 -150 56
 -150 60
 -150 64
 -150 68
 -150 72
 -150 76
 -150 80
 -150 84

 -144 -84
 -144 -80
 -144 -76
 -144 -72
 -144 -68
 -144 -64
 -144 -60
 -144 -56
 -144 -52
 -144 -48
 -144 -44
 -144 -40
 -144 -36
 -144 -32
 -144 -28
 -144 -24
 -144 -20
 -144 -16
 -144 -12
 -144 -8
 -144 -4
 -144 0
 -144 4
 -144 8
 -144 12
 -144 16
 -144 20
 -144 24
 -144 28
 -144 32
 -144 36
 -144 40
 -144 44
 -144 48
 -144 52
 -144 56
 -144 60
 -144 64
 -144 68
 -144 72
 -144 76
 -144 80
 -144 84

 -138 -84
 -138 -80
 -138 -76
 -138 -72
 -138 -68
 -138 -64
 -138 -60
 -138 -56
 -138 -52
 -138 -48
 -138 -44
 -138 -40
 -138 -36
 -138 -32
 -138 -28
 -138 -24
 -138 -20
 -138 -16
 -138 -12
 -138 -8
 -138 -4
 -138 0
 -138 4
 -138 8
 -138 12
 -138 16
 -138 20
 -138 24
 -138 28
 -138 32
 -138 36
 -138 40
 -138 44
 -138 48
 -138 52
 -138 56
 -138 60
 -138 64
 -138 68
 -138 72
 -138 76
 -138 80
 -138 84

 -132 -84
 -132 -80
 -132 -76
 -132 -72
 -132 -68
 -132 -64
 -132 -60
 -132 -56
 -132 -52
 -132 -48
 -132 -44
 -132 -40
 -132 -36
 -132 -32
 -132 -28
 -132 -24
 -132 -20
 -132 -16
 -132 -12
 -132 -8
 -132 -4
 -132 0
 -132 4
 -132 8
 -132 12
 -132 16
 -132 20
 -132 24
 -132 28
 -132 32
 -132 36
 -132 40
 -132 44
 -132 48
 -132 52
 -132 56
 -132 60
 -132 64
 -132 68
 -132 72
 -132 76
 -132 80
 -132 84

 -126 -84
 -126 -80
 -126 -76
 -126 -72
 -126 -68
 -126 -64
 -126 -60
 -126 -56
 -126 -52
 -126 -48
 -126 -44
 -126 -40
 -126 -36
 -126 -32
 -126 -28
 -126 -24
 -126 -20
 -126 -16
 -126 -12
 -126 -8
 -126 -4
 -126 0
 -126 4
 -126 8
 -126 12
 -126 16
 -126 20
 -126 24
 -126 28
 -126 32
 -126 36
 -126 40
 -126 44
 -126 48
 -126 52
 -126 56
 -126 60
 -126 64
 -126 68
 -126 72
 -126 76
 -126 80
 -126 84

 -120 -84
 -120 -80
 -120 -76
 -120 -72
 -120 -68
 -120 -64
 -120 -60
 -120 -56
 -120 -52
 -120 -48
 -120 -44
 -120 -40
 -120 -36
 -120 -32
 -120 -28
 -120 -24
 -120 -20
 -120 -16
 -120 -12
 -120 -8
 -120 -4
 -120 0
 -120 4
 -120 8
 -120 12
 -120 16
 -120 20
 -120 24
 -120 28
 -120 32
 -120 36
 -120 40
 -120 44
 -120 48
 -120 52
 -120 56
 -120 60
 -120 64
 -120 68
 -120 72
 -120 76
 -120 80
 -120 84

 -114 -84
 -114 -80
 -114 -76
 -114 -72
 -114 -68
 -114 -64
 -114 -60
 -114 -56
 -114 -52
 -114 -48
 -114 -44
 -114 -40
 -114 -36
 -114 -32
 -114 -28
 -114 -24
 -114 -20
 -114 -16
 -114 -12
 -114 -8
 -114 -4
 -114 0
 -114 4
 -114 8
 -114 12
 -114 16
 -114 20
 -114 24
 -114 28
 -114 32
 -114 36
 -114 40
 -114 44
 -114 48
 -114 52
 -114 56
 -114 60
 -114 64
 -114 68
 -114 72
 -114 76
 -114 80
 -114 84

 -108 -84
 -108 -80
 -108 -76
 -108 -72
 -108 -68
 -108 -64
 -108 -60
 -108 -56
 -108 -52
 -108 -48
 -108 -44
 -108 -40
 -108 -36
 -108 -32
 -108 -28
 -108 -24
 -108 -20
 -108 -16
 -108 -12
 -108 -8
 -108 -4
 -108 0
 -108 4
 -108 8
 -108 12
 -108 16
 -108 20
 -108 24
 -108 28
 -108 32
 -108 36
 -108 40
 -108 44
 -108 48
 -108 52
 -108 56
 -108 60
 -108 64
 -108 68
 -108 72
 -108 76
 -108 80
 -108 84

 -102 -84
 -102 -80
 -102 -76
 -102 -72
 -102 -68
 -102 -64
 -102 -60
 -102 -56
 -102 -52
 -102 -48
 -102 -44
 -102 -40
 -102 -36
 -102 -32
 -102 -28
 -102 -24
 -102 -20
 -102 -16
 -102 -12
 -102 -8
 -102 -4
 -102 0
 -102 4
 -102 8
 -102 12
 -102 16
 -102 20
 -102 24
 -102 28
 -102 32
 -102 36
 -102 40
 -102 44
 -102 48
 -102 52
 -102 56
 -102 60
 -102 64
 -102 68
 -102 72
 -102 76
 -102 80
 -102 84

 -96 -84
 -96 -80
 -96 -76
 -96 -72
 -96 -68
 -96 -64
 -96 -60
 -96 -56
 -96 -52
 -96 -48
 -96 -44
 -96 -40
 -96 -36
 -96 -32
 -96 -28
 -96 -24
 -96 -20
 -96 -16
 -96 -12
 -96 -8
 -96 -4
 -96 0
 -96 4
 -96 8
 -96 12
 -96 16
 -96 20
 -96 24
 -96 28
 -96 32
 -96 36
 -96 40
 -96 44
 -96 48
 -96 52
 -96 56
 -96 60
 -96 64
 -96 68
 -96 72
 -96 76
 -96 80
 -96 84

 -90 -84
 -90 -80
 -90 -76
 -90 -72
 -90 -68
 -90 -64
 -90 -60
 -90 -56
 -90 -52
 -90 -48
 -90 -44
 -90 -40
 -90 -36
 -90 -32
 -90 -28
 -90 -24
 -90 -20
 -90 -16
 -90 -12
 -90 -8
 -90 -4
 -90 0
 -90 4
 -90 8
 -90 12
 -90 16
 -90 20
 -90 24
 -90 28
 -90 32
 -90 36
 -90 40
 -90 44
 -90 48
 -90 52
 -90 56
 -90 60
 -90 64
 -90 68
 -90 72
 -90 76
 -90 80
 -90 84

 -84 -84
 -84 -80
 -84 -76
 -84 -72
 -84 -68
 -84 -64
 -84 -60
 -84 -56
 -84 -52
 -84 -48
 -84 -44
 -84 -40
 -84 -36
 -84 -32
 -84 -28
 -84 -24
 -84 -20
 -84 -16
 -84 -12
 -84 -8
 -84 -4
 -84 0
 -84 4
 -84 8
 -84 12
 -84 16
 -84 20
 -84 24
 -84 28
 -84 32
 -84 36
 -84 40
 -84 44
 -84 48
 -84 52
 -84 56
 -84 60
 -84 64
 -84 68
 -84 72
 -84 76
 -84 80
 -84 84

 -78 -84
 -78 -80
 -78 -76
 -78 -72
 -78 -68
 -78 -64
 -78 -60
 -78 -56
 -78 -52
 -78 -48
 -78 -44
 -78 -40
 -78 -36
 -78 -32
 -78 -28
 -78 -24
 -78 -20
 -78 -16
 -78 -12
 -78 -8
 -78 -4
 -78 0
 -78 4
 -78 8
 -78 12
 -78 16
 -78 20
 -78 24
 -78 28
 -78 32
 -78 36
 -78 40
 -78 44
 -78 48
 -78 52
 -78 56
 -78 60
 -78 64
 -78 68
 -78 72
 -78 76
 -78 80
 -78 84

 -72 -84
 -72 -80
 -72 -76
 -72 -72
 -72 -68
 -72 -64
 -72 -60
 -72 -56
 -72 -52
 -72 -48
 -72 -44
 -72 -40
 -72 -36
 -72 -32
 -72 -28
 -72 -24
 -72 -20
 -72 -16
 -72 -12
 -72 -8
 -72 -4
 -72 0
 -72 4
 -72 8
 -72 12
 -72 16
 -72 20
 -72 24
 -72 28
 -72 32
 -72 36
 -72 40
 -72 44
 -72 48
 -72 52
 -72 56
 -72 60
 -72 64
 -72 68
 -72 72
 -72 76
 -72 80
 -72 84

 -66 -84
 -66 -80
 -66 -76
 -66 -72
 -66 -68
 -66 -64
 -66 -60
 -66 -56
 -66 -52
 -66 -48
 -66 -44
 -66 -40
 -66 -36
 -66 -32
 -66 -28
 -66 -24
 -66 -20
 -66 -16
 -66 -12
 -66 -8
 -66 -4
 -66 0
 -66 4
 -66 8
 -66 12
 -66 16
 -66 20
 -66 24
 -66 28
 -66 32
 -66 36
 -66 40
 -66 44
 -66 48
 -66 52
 -66 56
 -66 60
 -66 64
 -66 68
 -66 72
 -66 76
 -66 80
 -66 84

 -60 -84
 -60 -80
 -60 -76
 -60 -72
 -60 -68
 -60 -64
 -60 -60
 -60 -56
 -60 -52
 -60 -48
 -60 -44
 -60 -40
 -60 -36
 -60 -32
 -60 -28
 -60 -24
 -60 -20
 -60 -16
 -60 -12
 -60 -8
 -60 -4
 -60 0
 -60 4
 -60 8
 -60 12
 -60 16
 -60 20
 -60 24
 -60 28
 -60 32
 -60 36
 -60 40
 -60 44
 -60 48
 -60 52
 -60 56
 -60 60
 -60 64
 -60 68
 -60 72
 -60 76
 -60 80
 -60 84

 -54 -84
 -54 -80
 -54 -76
 -54 -72
 -54 -68
 -54 -64
 -54 -60
 -54 -56
 -54 -52
 -54 -48
 -54 -44
 -54 -40
 -54 -36
 -54 -32
 -54 -28
 -54 -24
 -54 -20
 -54 -16
 -54 -12
 -54 -8
 -54 -4
 -54 0
 -54 4
 -54 8
 -54 12
 -54 16
 -54 20
 -54 24
 -54 28
 -54 32
 -54 36
 -54 40
 -54 44
 -54 48
 -54 52
 -54 56
 -54 60
 -54 64
 -54 68
 -54 72
 -54 76
 -54 80
 -54 84

 -48 -84
 -48 -80
 -48 -76
 -48 -72
 -48 -68
 -48 -64
 -48 -60
 -48 -56
 -48 -52
 -48 -48
 -48 -44
 -48 -40
 -48 -36
 -48 -32
 -48 -28
 -48 -24
 -48 -20
 -48 -16
 -48 -12
 -48 -8
 -48 -4
 -48 0
 -48 4
 -48 8
 -48 12
 -48 16
 -48 20
 -48 24
 -48 28
 -48 32
 -48 36
 -48 40
 -48 44
 -48 48
 -48 52
 -48 56
 -48 60
 -48 64
 -48 68
 -48 72
 -48 76
 -48 80
 -48 84

 -42 -84
 -42 -80
 -42 -76
 -42 -72
 -42 -68
 -42 -64
 -42 -60
 -42 -56
 -42 -52
 -42 -48
 -42 -44
 -42 -40
 -42 -36
 -42 -32
 -42 -28
 -42 -24
 -42 -20
 -42 -16
 -42 -12
 -42 -8
 -42 -4
 -42 0
 -42 4
 -42 8
 -42 12
 -42 16
 -42 20
 -42 24
 -42 28
 -42 32
 -42 36
 -42 40
 -42 44
 -42 48
 -42 52
 -42 56
 -42 60
 -42 64
 -42 68
 -42 72
 -42 76
 -42 80
 -42 84

 -36 -84
 -36 -80
 -36 -76
 -36 -72
 -36 -68
 -36 -64
 -36 -60
 -36 -56
 -36 -52
 -36 -48
 -36 -44
 -36 -40
 -36 -36
 -36 -32
 -36 -28
 -36 -24
 -36 -20
 -36 -16
 -36 -12
 -36 -8
 -36 -4
 -36 0
 -36 4
 -36 8
 -36 12
 -36 16
 -36 20
 -36 24
 -36 28
 -36 32
 -36 36
 -36 40
 -36 44
 -36 48
 -36 52
 -36 56
 -36 60
 -36 64
 -36 68
 -36 72
 -36 76
 -36 80
 -36 84

 -30 -84
 -30 -80
 -30 -76
 -30 -72
 -30 -68
 -30 -64
 -30 -60
 -30 -56
 -30 -52
 -30 -48
 -30 -44
 -30 -40
 -30 -36
 -30 -32
 -30 -28
 -30 -24
 -30 -20
 -30 -16
 -30 -12
 -30 -8
 -30 -4
 -30 0
 -30 4
 -30 8
 -30 12
 -30 16
 -30 20
 -30 24
 -30 28
 -30 32
 -30 36
 -30 40
 -30 44
 -30 48
 -30 52
 -30 56
 -30 60
 -30 64
 -30 68
 -30 72
 -30 76
 -30 80
 -30 84

 -24 -84
 -24 -80
 -24 -76
 -24 -72
 -24 -68
 -24 -64
 -24 -60
 -24 -56
 -24 -52
 -24 -48
 -24 -44
 -24 -40
 -24 -36
 -24 -32
 -24 -28
 -24 -24
 -24 -20
 -24 -16
 -24 -12
 -24 -8
 -24 -4
 -24 0
 -24 4
 -24 8
 -24 12
 -24 16
 -24 20
 -24 24
 -24 28
 -24 32
 -24 36
 -24 40
 -24 44
 -24 48
 -24 52
 -24 56
 -24 60
 -24 64
 -24 68
 -24 72
 -24 76
 -24 80
 -24 84

 -18 -84
 -18 -80
 -18 -76
 -18 -72
 -18 -68
 -18 -64
 -18 -60
 -18 -56
 -18 -52
 -18 -48
 -18 -44
 -18 -40
 -18 -36
 -18 -32
 -18 -28
 -18 -24
 -18 -20
 -18 -16
 -18 -12
 -18 -8
 -18 -4
 -18 0
 -18 4
 -18 8
 -18 12
 -18 16
 -18 20
 -18 24
 -18 28
 -18 32
 -18 36
 -18 40
 -18 44
 -18 48
 -18 52
 -18 56
 -18 60
 -18 64
 -18 68
 -18 72
 -18 76
 -18 80
 -18 84

 -12 -84
 -12 -80
 -12 -76
 -12 -72
 -12 -68
 -12 -64
 -12 -60
 -12 -56
 -12 -52
 -12 -48
 -12 -44
 -12 -40
 -12 -36
 -12 -32
 -12 -28
 -12 -24
 -12 -20
 -12 -16
 -12 -12
 -12 -8
 -12 -4
 -12 0
 -12 4
 -12 8
 -12 12
 -12 16
 -12 20
 -12 24
 -12 28
 -12 32
 -12 36
 -12 40
 -12 44
 -12 48
 -12 52
 -12 56
 -12 60
 -12 64
 -12 68
 -12 72
 -12 76
 -12 80
 -12 84

 -6 -84
 -6 -80
 -6 -76
 -6 -72
 -6 -68
 -6 -64
 -6 -60
 -6 -56
 -6 -52
 -6 -48
 -6 -44
 -6 -40
 -6 -36
 -6 -32
 -6 -28
 -6 -24
 -6 -20
 -6 -16
 -6 -12
 -6 -8
 -6 -4
 -6 0
 -6 4
 -6 8
 -6 12
 -6 16
 -6 20
 -6 24
 -6 28
 -6 32
 -6 36
 -6 40
 -6 44
 -6 48
 -6 52
 -6 56
 -6 60
 -6 64
 -6 68
 -6 72
 -6 76
 -6 80
 -6 84

 0 -84
 0 -80
 0 -76
 0 -72
 0 -68
 0 -64
 0 -60
 0 -56
 0 -52
 0 -48
 0 -44
 0 -40
 0 -36
 0 -32
 0 -28
 0 -24
 0 -20
 0 -16
 0 -12
 0 -8
 0 -4
 0 0
 0 4
 0 8
 0 12
 0 16
 0 20
 0 24
 0 28
 0 32
 0 36
 0 40
 0 44
 0 48
 0 52
 0 56
 0 60
 0 64
 0 68
 0 72
 0 76
 0 80
 0 84

 6 -84
 6 -80
 6 -76
 6 -72
 6 -68
 6 -64
 6 -60
 6 -56
 6 -52
 6 -48
 6 -44
 6 -40
 6 -36
 6 -32
 6 -28
 6 -24
 6 -20
 6 -16
 6 -12
 6 -8
 6 -4
 6 0
 6 4
 6 8
 6 12
 6 16
 6 20
 6 24
 6 28
 6 32
 6 36
 6 40
 6 44
 6 48
 6 52
 6 56
 6 60
 6 64
 6 68
 6 72
 6 76
 6 80
 6 84

 12 -84
 12 -80
 12 -76
 12 -72
 12 -68
 12 -64
 12 -60
 12 -56
 12 -52
 12 -48
 12 -44
 12 -40
 12 -36
 12 -32
 12 -28
 12 -24
 12 -20
 12 -16
 12 -12
 12 -8
 12 -4
 12 0
 12 4
 12 8
 12 12
 12 16
 12 20
 12 24
 12 28
 12 32
 12 36
 12 40
 12 44
 12 48
 12 52
 12 56
 12 60
 12 64
 12 68
 12 72
 12 76
 12 80
 12 84

 18 -84
 18 -80
 18 -76
 18 -72
 18 -68
 18 -64
 18 -60
 18 -56
 18 -52
 18 -48
 18 -44
 18 -40
 18 -36
 18 -32
 18 -28
 18 -24
 18 -20
 18 -16
 18 -12
 18 -8
 18 -4
 18 0
 18 4
 18 8
 18 12
 18 16
 18 20
 18 24
 18 28
 18 32
 18 36
 18 40
 18 44
 18 48
 18 52
 18 56
 18 60
 18 64
 18 68
 18 72
 18 76
 18 80
 18 84

 24 -84
 24 -80
 24 -76
 24 -72
 24 -68
 24 -64
 24 -60
 24 -56
 24 -52
 24 -48
 24 -44
 24 -40
 24 -36
 24 -32
 24 -28
 24 -24
 24 -20
 24 -16
 24 -12
 24 -8
 24 -4
 24 0
 24 4
 24 8
 24 12
 24 16
 24 20
 24 24
 24 28
 24 32
 24 36
 24 40
 24 44
 24 48
 24 52
 24 56
 24 60
 24 64
 24 68
 24 72
 24 76
 24 80
 24 84

 30 -84
 30 -80
 30 -76
 30 -72
 30 -68
 30 -64
 30 -60
 30 -56
 30 -52
 30 -48
 30 -44
 30 -40
 30 -36
 30 -32
 30 -28
 30 -24
 30 -20
 30 -16
 30 -12
 30 -8
 30 -4
 30 0
 30 4
 30 8
 30 12
 30 16
 30 20
 30 24
 30 28
 30 32
 30 36
 30 40
 30 44
 30 48
 30 52
 30 56
 30 60
 30 64
 30 68
 30 72
 30 76
 30 80
 30 84

 36 -84
 36 -80
 36 -76
 36 -72
 36 -68
 36 -64
 36 -60
 36 -56
 36 -52
 36 -48
 36 -44
 36 -40
 36 -36
 36 -32
 36 -28
 36 -24
 36 -20
 36 -16
 36 -12
 36 -8
 36 -4
 36 0
 36 4
 36 8
 36 12
 36 16
 36 20
 36 24
 36 28
 36 32
 36 36
 36 40
 36 44
 36 48
 36 52
 36 56
 36 60
 36 64
 36 68
 36 72
 36 76
 36 80
 36 84

 42 -84
 42 -80
 42 -76
 42 -72
 42 -68
 42 -64
 42 -60
 42 -56
 42 -52
 42 -48
 42 -44
 42 -40
 42 -36
 42 -32
 42 -28
 42 -24
 42 -20
 42 -16
 42 -12
 42 -8
 42 -4
 42 0
 42 4
 42 8
 42 12
 42 16
 42 20
 42 24
 42 28
 42 32
 42 36
 42 40
 42 44
 42 48
 42 52
 42 56
 42 60
 42 64
 42 68
 42 72
 42 76
 42 80
 42 84

 48 -84
 48 -80
 48 -76
 48 -72
 48 -68
 48 -64
 48 -60
 48 -56
 48 -52
 48 -48
 48 -44
 48 -40
 48 -36
 48 -32
 48 -28
 48 -24
 48 -20
 48 -16
 48 -12
 48 -8
 48 -4
 48 0
 48 4
 48 8
 48 12
 48 16
 48 20
 48 24
 48 28
 48 32
 48 36
 48 40
 48 44
 48 48
 48 52
 48 56
 48 60
 48 64
 48 68
 48 72
 48 76
 48 80
 48 84

 54 -84
 54 -80
 54 -76
 54 -72
 54 -68
 54 -64
 54 -60
 54 -56
 54 -52
 54 -48
 54 -44
 54 -40
 54 -36
 54 -32
 54 -28
 54 -24
 54 -20
 54 -16
 54 -12
 54 -8
 54 -4
 54 0
 54 4
 54 8
 54 12
 54 16
 54 20
 54 24
 54 28
 54 32
 54 36
 54 40
 54 44
 54 48
 54 52
 54 56
 54 60
 54 64
 54 68
 54 72
 54 76
 54 80
 54 84

 60 -84
 60 -80
 60 -76
 60 -72
 60 -68
 60 -64
 60 -60
 60 -56
 60 -52
 60 -48
 60 -44
 60 -40
 60 -36
 60 -32
 60 -28
 60 -24
 60 -20
 60 -16
 60 -12
 60 -8
 60 -4
 60 0
 60 4
 60 8
 60 12
 60 16
 60 20
 60 24
 60 28
 60 32
 60 36
 60 40
 60 44
 60 48
 60 52
 60 56
 60 60
 60 64
 60 68
 60 72
 60 76
 60 80
 60 84

 66 -84
 66 -80
 66 -76
 66 -72
 66 -68
 66 -64
 66 -60
 66 -56
 66 -52
 66 -48
 66 -44
 66 -40
 66 -36
 66 -32
 66 -28
 66 -24
 66 -20
 66 -16
 66 -12
 66 -8
 66 -4
 66 0
 66 4
 66 8
 66 12
 66 16
 66 20
 66 24
 66 28
 66 32
 66 36
 66 40
 66 44
 66 48
 66 52
 66 56
 66 60
 66 64
 66 68
 66 72
 66 76
 66 80
 66 84

 72 -84
 72 -80
 72 -76
 72 -72
 72 -68
 72 -64
 72 -60
 72 -56
 72 -52
 72 -48
 72 -44
 72 -40
 72 -36
 72 -32
 72 -28
 72 -24
 72 -20
 72 -16
 72 -12
 72 -8
 72 -4
 72 0
 72 4
 72 8
 72 12
 72 16
 72 20
 72 24
 72 28
 72 32
 72 36
 72 40
 72 44
 72 48
 72 52
 72 56
 72 60
 72 64
 72 68
 72 72
 72 76
 72 80
 72 84

 78 -84
 78 -80
 78 -76
 78 -72
 78 -68
 78 -64
 78 -60
 78 -56
 78 -52
 78 -48
 78 -44
 78 -40
 78 -36
 78 -32
 78 -28
 78 -24
 78 -20
 78 -16
 78 -12
 78 -8
 78 -4
 78 0
 78 4
 78 8
 78 12
 78 16
 78 20
 78 24
 78 28
 78 32
 78 36
 78 40
 78 44
 78 48
 78 52
 78 56
 78 60
 78 64
 78 68
 78 72
 78 76
 78 80
 78 84

 84 -84
 84 -80
 84 -76
 84 -72
 84 -68
 84 -64
 84 -60
 84 -56
 84 -52
 84 -48
 84 -44
 84 -40
 84 -36
 84 -32
 84 -28
 84 -24
 84 -20
 84 -16
 84 -12
 84 -8
 84 -4
 84 0
 84 4
 84 8
 84 12
 84 16
 84 20
 84 24
 84 28
 84 32
 84 36
 84 40
 84 44
 84 48
 84 52
 84 56
 84 60
 84 64
 84 68
 84 72
 84 76
 84 80
 84 84

 90 -84
 90 -80
 90 -76
 90 -72
 90 -68
 90 -64
 90 -60
 90 -56
 90 -52
 90 -48
 90 -44
 90 -40
 90 -36
 90 -32
 90 -28
 90 -24
 90 -20
 90 -16
 90 -12
 90 -8
 90 -4
 90 0
 90 4
 90 8
 90 12
 90 16
 90 20
 90 24
 90 28
 90 32
 90 36
 90 40
 90 44
 90 48
 90 52
 90 56
 90 60
 90 64
 90 68
 90 72
 90 76
 90 80
 90 84

 96 -84
 96 -80
 96 -76
 96 -72
 96 -68
 96 -64
 96 -60
 96 -56
 96 -52
 96 -48
 96 -44
 96 -40
 96 -36
 96 -32
 96 -28
 96 -24
 96 -20
 96 -16
 96 -12
 96 -8
 96 -4
 96 0
 96 4
 96 8
 96 12
 96 16
 96 20
 96 24
 96 28
 96 32
 96 36
 96 40
 96 44
 96 48
 96 52
 96 56
 96 60
 96 64
 96 68
 96 72
 96 76
 96 80
 96 84

 102 -84
 102 -80
 102 -76
 102 -72
 102 -68
 102 -64
 102 -60
 102 -56
 102 -52
 102 -48
 102 -44
 102 -40
 102 -36
 102 -32
 102 -28
 102 -24
 102 -20
 102 -16
 102 -12
 102 -8
 102 -4
 102 0
 102 4
 102 8
 102 12
 102 16
 102 20
 102 24
 102 28
 102 32
 102 36
 102 40
 102 44
 102 48
 102 52
 102 56
 102 60
 102 64
 102 68
 102 72
 102 76
 102 80
 102 84

 108 -84
 108 -80
 108 -76
 108 -72
 108 -68
 108 -64
 108 -60
 108 -56
 108 -52
 108 -48
 108 -44
 108 -40
 108 -36
 108 -32
 108 -28
 108 -24
 108 -20
 108 -16
 108 -12
 108 -8
 108 -4
 108 0
 108 4
 108 8
 108 12
 108 16
 108 20
 108 24
 108 28
 108 32
 108 36
 108 40
 108 44
 108 48
 108 52
 108 56
 108 60
 108 64
 108 68
 108 72
 108 76
 108 80
 108 84

 114 -84
 114 -80
 114 -76
 114 -72
 114 -68
 114 -64
 114 -60
 114 -56
 114 -52
 114 -48
 114 -44
 114 -40
 114 -36
 114 -32
 114 -28
 114 -24
 114 -20
 114 -16
 114 -12
 114 -8
 114 -4
 114 0
 114 4
 114 8
 114 12
 114 16
 114 20
 114 24
 114 28
 114 32
 114 36
 114 40
 114 44
 114 48
 114 52
 114 56
 114 60
 114 64
 114 68
 114 72
 114 76
 114 80
 114 84

 120 -84
 120 -80
 120 -76
 120 -72
 120 -68
 120 -64
 120 -60
 120 -56
 120 -52
 120 -48
 120 -44
 120 -40
 120 -36
 120 -32
 120 -28
 120 -24
 120 -20
 120 -16
 120 -12
 120 -8
 120 -4
 120 0
 120 4
 120 8
 120 12
 120 16
 120 20
 120 24
 120 28
 120 32
 120 36
 120 40
 120 44
 120 48
 120 52
 120 56
 120 60
 120 64
 120 68
 120 72
 120 76
 120 80
 120 84

 126 -84
 126 -80
 126 -76
 126 -72
 126 -68
 126 -64
 126 -60
 126 -56
 126 -52
 126 -48
 126 -44
 126 -40
 126 -36
 126 -32
 126 -28
 126 -24
 126 -20
 126 -16
 126 -12
 126 -8
 126 -4
 126 0
 126 4
 126 8
 126 12
 126 16
 126 20
 126 24
 126 28
 126 32
 126 36
 126 40
 126 44
 126 48
 126 52
 126 56
 126 60
 126 64
 126 68
 126 72
 126 76
 126 80
 126 84

 132 -84
 132 -80
 132 -76
 132 -72
 132 -68
 132 -64
 132 -60
 132 -56
 132 -52
 132 -48
 132 -44
 132 -40
 132 -36
 132 -32
 132 -28
 132 -24
 132 -20
 132 -16
 132 -12
 132 -8
 132 -4
 132 0
 132 4
 132 8
 132 12
 132 16
 132 20
 132 24
 132 28
 132 32
 132 36
 132 40
 132 44
 132 48
 132 52
 132 56
 132 60
 132 64
 132 68
 132 72
 132 76
 132 80
 132 84

 138 -84
 138 -80
 138 -76
 138 -72
 138 -68
 138 -64
 138 -60
 138 -56
 138 -52
 138 -48
 138 -44
 138 -40
 138 -36
 138 -32
 138 -28
 138 -24
 138 -20
 138 -16
 138 -12
 138 -8
 138 -4
 138 0
 138 4
 138 8
 138 12
 138 16
 138 20
 138 24
 138 28
 138 32
 138 36
 138 40
 138 44
 138 48
 138 52
 138 56
 138 60
 138 64
 138 68
 138 72
 138 76
 138 80
 138 84

 144 -84
 144 -80
 144 -76
 144 -72
 144 -68
 144 -64
 144 -60
 144 -56
 144 -52
 144 -48
 144 -44
 144 -40
 144 -36
 144 -32
 144 -28
 144 -24
 144 -20
 144 -16
 144 -12
 144 -8
 144 -4
 144 0
 144 4
 144 8
 144 12
 144 16
 144 20
 144 24
 144 28
 144 32
 144 36
 144 40
 144 44
 144 48
 144 52
 144 56
 144 60
 144 64
 144 68
 144 72
 144 76
 144 80
 144 84

 150 -84
 150 -80
 150 -76
 150 -72
 150 -68
 150 -64
 150 -60
 150 -56
 150 -52
 150 -48
 150 -44
 150 -40
 150 -36
 150 -32
 150 -28
 150 -24
 150 -20
 150 -16
 150 -12
 150 -8
 150 -4
 150 0
 150 4
 150 8
 150 12
 150 16
 150 20
 150 24
 150 28
 150 32
 150 36
 150 40
 150 44
 150 48
 150 52
 150 56
 150 60
 150 64
 150 68
 150 72
 150 76
 150 80
 150 84

 156 -84
 156 -80
 156 -76
 156 -72
 156 -68
 156 -64
 156 -60
 156 -56
 156 -52
 156 -48
 156 -44
 156 -40
 156 -36
 156 -32
 156 -28
 156 -24
 156 -20
 156 -16
 156 -12
 156 -8
 156 -4
 156 0
 156 4
 156 8
 156 12
 156 16
 156 20
 156 24
 156 28
 156 32
 156 36
 156 40
 156 44
 156 48
 156 52
 156 56
 156 60
 156 64
 156 68
 156 72
 156 76
 156 80
 156 84

 162 -84
 162 -80
 162 -76
 162 -72
 162 -68
 162 -64
 162 -60
 162 -56
 162 -52
 162 -48
 162 -44
 162 -40
 162 -36
 162 -32
 162 -28
 162 -24
 162 -20
 162 -16
 162 -12
 162 -8
 162 -4
 162 0
 162 4
 162 8
 162 12
 162 16
 162 20
 162 24
 162 28
 162 32
 162 36
 162 40
 162 44
 162 48
 162 52
 162 56
 162 60
 162 64
 162 68
 162 72
 162 76
 162 80
 162 84

 168 -84
 168 -80
 168 -76
 168 -72
 168 -68
 168 -64
 168 -60
 168 -56
 168 -52
 168 -48
 168 -44
 168 -40
 168 -36
 168 -32
 168 -28
 168 -24
 168 -20
 168 -16
 168 -12
 168 -8
 168 -4
 168 0
 168 4
 168 8
 168 12
 168 16
 168 20
 168 24
 168 28
 168 32
 168 36
 168 40
 168 44
 168 48
 168 52
 168 56
 168 60
 168 64
 168 68
 168 72
 168 76
 168 80
 168 84

 174 -84
 174 -80
 174 -76
 174 -72
 174 -68
 174 -64
 174 -60
 174 -56
 174 -52
 174 -48
 174 -44
 174 -40
 174 -36
 174 -32
 174 -28
 174 -24
 174 -20
 174 -16
 174 -12
 174 -8
 174 -4
 174 0
 174 4
 174 8
 174 12
 174 16
 174 20
 174 24
 174 28
 174 32
 174 36
 174 40
 174 44
 174 48
 174 52
 174 56
 174 60
 174 64
 174 68
 174 72
 174 76
 174 80
 174 84

 180 -84
 180 -80
 180 -76
 180 -72
 180 -68
 180 -64
 180 -60
 180 -56
 180 -52
 180 -48
 180 -44
 180 -40
 180 -36
 180 -32
 180 -28
 180 -24
 180 -20
 180 -16
 180 -12
 180 -8
 180 -4
 180 0
 180 4
 180 8
 180 12
 180 16
 180 20
 180 24
 180 28
 180 32
 180 36
 180 40
 180 44
 180 48
 180 52
 180 56
 180 60
 180 64
 180 68
 180 72
 180 76
 180 80
 180 84

